time,x,y,z,phi,theta,psi,x_velocity,y_velocity,z_velocity,phi_velocity,theta_velocity,psi_velocity,rotor_speed1,rotor_speed2,rotor_speed3,rotor_speed4
0.06,-3.22095917266926e-07,5.188853759236022e-08,10.00631717372332,6.282770879109039,6.282680761550399,0.0,6.29413466815566e-06,-1.5803849943444345e-05,0.21055652440245837,-0.026632420367083125,-0.03606763842476394,0.0,472.205055735354,469.4150317295448,471.56545699276137,469.50414030598245
0.12000000000000001,2.1394607412256396e-05,-1.7561441297565737e-05,10.024809256519122,6.28121491245583,6.280451060687307,0.0,0.0009725346453118978,-0.0007543409683718237,0.4057961364298642,-0.024569154601314185,-0.039444247602329,0.0,466.665140260478,466.4009634630274,465.8055200996538,465.96671684885456
0.18,0.0001325488657706633,-9.990140386797402e-05,10.048119207463953,6.2799896074561286,6.277876021421932,0.0,0.0029345423581820028,-0.002100249493356467,0.3712135150252556,-0.013204079180222615,-0.050967745719146196,0.0,393.3032897388374,392.23340273724625,390.8181768735582,391.8758113355604
0.23999999999999996,0.00043426536342792857,-0.00029633498289165954,10.074109706221998,6.279925103475382,6.2747480071683945,0.0,0.007448743304408204,-0.004485065942708064,0.4950880992040202,0.01605143677618496,-0.054572616494136965,0.0,442.6029224094785,442.3044050947995,445.5042298616002,447.88957062418314
0.3,0.0010740667101654044,-0.0006309877705771021,10.107476954052377,6.281049362411633,6.271154055810184,0.0,0.014235773318362122,-0.006559473909299227,0.617091830616928,0.023630959749652188,-0.07354679200709476,0.0,444.3811819642426,442.82065515110764,444.3142788145826,444.9351005484819
0.36000000000000004,0.002188334301081833,-0.0010623960499766445,10.14711268014139,6.282612228755788,6.2670316219447795,0.0,0.02333146889825572,-0.007671165181841494,0.7040434509721698,0.030488834859047773,-0.06045992027007134,0.0,432.7967889881135,433.89292703691285,432.70541967860953,433.2824278207469
0.4200000000000001,0.003919330062767587,-0.0015269653846399364,10.191395890368604,0.0015658755009306802,6.263739313387891,0.0,0.03470232947272279,-0.007619930256542009,0.7720137376423637,0.044363695388899504,-0.04555173115649684,0.0,426.6578602642133,427.9263780173556,426.4595917947952,427.6435327100125
0.48000000000000015,0.006417358409693917,-0.001941310734291922,10.240914551025174,0.004079237283692194,6.261259825509361,0.0,0.048830886478702026,-0.0059247737691719635,0.8785256976670066,0.03641577188143416,-0.03398751740888863,0.0,439.2618870991381,440.21873967025795,439.8540733299907,439.1964173336027
0.5400000000000001,0.009748145731809474,-0.002216272002451595,10.293943069164136,0.0061232944135403145,6.259210617807012,0.0,0.06237646718016335,-0.003052552001503439,0.8890780544496688,0.02890190767906851,-0.03448735989863027,0.0,409.137444527873,409.0923536888944,408.0021536174598,407.331428898862
0.6000000000000002,0.014044926772903695,-0.0022524147229763874,10.352384614404652,0.008168881931605476,6.257252020011208,0.0,0.08107182837158373,0.002060941975401312,1.0588238145434654,0.04285195690863072,-0.029189739170205724,0.0,460.11213474757056,460.5309281319596,457.89860602803645,459.00730533773003
0.6600000000000003,0.019427996631080323,-0.0019579325151846904,10.418011093085045,0.010325872202903597,6.255456244354026,0.0,0.09853470358268512,0.007990843978421506,1.1286514765645004,0.01625390995396722,-0.03145167386738728,0.0,428.47803126079197,428.2853924249897,429.6477294898538,427.38756104885084
0.7200000000000003,0.025962118387552965,-0.0012457312785451194,10.490229871678292,0.01122308532029681,6.253123603496803,0.0,0.11948735970690019,0.015850033649680916,1.2784769545950585,0.012217146305034142,-0.06099833297384261,0.0,455.60657198265926,453.2374247848155,453.37582921398956,453.0513051675951
0.7800000000000004,0.03369011223401383,-8.832833143254413e-05,10.56745724766695,0.011686963866140765,6.249270422288859,0.0,0.1384476957115349,0.02278519988741237,1.295737101350774,-0.003228746541277321,-0.07159462754312697,0.0,412.68191063112477,411.7421937686707,411.6738436150589,410.30489230436666
0.8400000000000004,0.04274264401355118,0.0015305192457242326,10.64902685735662,0.012424617170817776,6.244600417445767,0.0,0.16376816610889083,0.031214577160040006,1.4230807394942173,0.03262687682404804,-0.09478190106697307,0.0,448.3164649908576,446.4236060260391,445.81430209550257,448.73412632648746
0.9000000000000005,0.05337147281508837,0.0036625284531016933,10.737011843156957,0.014483721641801672,6.239143886990622,0.0,0.19107725580299229,0.040051666546592604,1.509613851866613,0.0375026619468482,-0.0842008146963232,0.0,434.8788173370855,435.75695124529653,434.14591501268364,434.5553030160394
0.9600000000000005,0.06581965366184873,0.006391431408215276,10.831799358542183,0.01665720119851688,6.233633874811982,0.0,0.2244138772400285,0.051147283251867806,1.649745068803556,0.03353829044560065,-0.11497643782679345,0.0,452.49781058913425,450.0061998662518,452.8303870450393,452.5119639521946
1.0200000000000005,0.08046616775251654,0.009856533436431298,10.936373450714964,0.018967352245722324,6.22696849758802,0.0,0.2645646412797229,0.06460010994371786,1.835727659144653,0.046933528613295646,-0.10427646833661701,0.0,466.9220536687784,467.7456616731805,464.8675857956218,465.91660015942267
1.0800000000000005,0.09753043709604627,0.014136676250550996,11.049600048475325,0.021615519024361873,6.22076736176119,0.0,0.30487049738163974,0.07834746374963841,1.9382744556827283,0.037856486921417395,-0.101566551861624,0.0,440.2886783664155,440.50340586665624,442.8860488024857,442.1399961531169
1.1400000000000006,0.11732599777623016,0.01935921077819114,11.171885226421816,0.02333609843143325,6.214904033223032,0.0,0.35565320272077244,0.09597860832447148,2.13748701962846,-0.004952518196128658,-0.09097385976312043,0.0,470.7350152274803,471.5462945611043,473.4254340312221,470.1204155816968
1.2000000000000006,0.14029908536173183,0.02566985896021229,11.306063210450567,0.024500184106163836,6.2088450730193685,0.0,0.4107205615678275,0.11444166630562767,2.3346726390117207,0.04625606012724062,-0.15207308512422646,0.0,474.06531606060616,469.336721915606,469.7198205907232,473.67425177822
1.2600000000000007,0.16643449522809975,0.03302716341427941,11.448104377325917,0.027392944690983967,6.200111682552626,0.0,0.46130862816103063,0.131070868805747,2.399810265208508,0.0518626912347844,-0.13497376188879526,0.0,431.70156698493787,433.121252394538,431.0607869459841,431.5357951413792
1.3200000000000007,0.19610075682652187,0.04154785662675147,11.597907446282557,0.03045794619173936,6.19202889175466,0.0,0.5284633837951993,0.15329502404199508,2.5930956274099977,0.049477867881897404,-0.1341976086142662,0.0,471.1016206711947,471.14601296744127,472.94497861109426,472.76276123780525
1.3800000000000008,0.22973794828663444,0.051390367090147986,11.756633285804519,0.033346148246836904,6.184312205674985,0.0,0.5935554063931018,0.17507843603221349,2.6974171178822615,0.045310580828255856,-0.1192992838964785,0.0,444.5824036880954,445.78615700419044,446.92509845184276,446.5867173351717
1.4400000000000008,0.2675385969178855,0.0626326281240971,11.922610499862953,0.03607206863418977,6.177277905493854,0.0,0.6671877736655426,0.19994097050147547,2.834710640589221,0.045673684074451805,-0.11340928086378964,0.0,457.02643774866516,457.483726733612,456.62162539269633,456.65173046588376
1.5000000000000009,0.3097233267408413,0.07536292366219977,12.095092373403567,0.03905416549365892,6.170584115462724,0.0,0.7396067722161404,0.22467474741632085,2.914372092562391,0.05673525455655449,-0.10810830316866797,0.0,440.12067253845095,440.5480182922502,438.93814915278676,439.85673439369043
1.560000000000001,0.35615013972066323,0.08955695744588192,12.270282956896166,0.042270258337191,6.163939837936152,0.0,0.8085219285777544,0.24874877731212539,2.9251770621413096,0.04645630871264379,-0.1165919452028645,0.0,418.56802547670145,417.81729132275836,418.2857877207431,417.39173658393054
1.620000000000001,0.4074950325604313,0.10548492796282866,12.451579060744633,0.04511324136757633,6.156755845005662,0.0,0.9037174955641935,0.2824801781612674,3.1173593205801278,0.04917438016314147,-0.12689340688756826,0.0,474.9953314420746,474.1926668228382,476.13793930830474,476.3470267182582
1.680000000000001,0.4641748061726783,0.12330916673742477,12.640138385001736,0.048204270322161236,6.149138867528006,0.0,0.9862954762528304,0.31193355018656,3.167660651179943,0.05583172316306162,-0.1270621804754364,0.0,432.57249545207264,432.5430998212409,432.8803010230402,433.44194077018835
1.740000000000001,0.5257734488836642,0.1428956792669668,12.830376523496998,0.05158404902587144,6.141535904012525,0.0,1.0676425966158762,0.34123763380147637,3.1734402096530974,0.057306947015828655,-0.12603334996433901,0.0,417.9301804182072,418.0040958875763,419.521079307167,419.65152360859923
1.8000000000000012,0.5924281801793196,0.16431521301542648,13.021235625701868,0.05501423506144221,6.1342663031988796,0.0,1.1548156390267568,0.3730423253093062,3.1883224044921223,0.056894103137279314,-0.11286674259066028,0.0,421.6963833077343,422.81802915017727,422.2141282235561,422.1809412268012
1.8600000000000012,0.6648115405866228,0.1878405680682113,13.21542391130701,0.058124780590357084,6.127900162817605,0.0,1.258557498895943,0.4114430564944087,3.2841608527596207,0.03910677395080173,-0.09518812470067471,0.0,448.0580388570702,449.4831144551295,449.855391008543,448.41436777354335
1.9200000000000013,0.7435039780889328,0.21371507516391416,13.415102080523718,0.061009112837500545,6.123119898768888,0.0,1.3649650512727167,0.451280232663905,3.3713550126970557,0.06173225920756262,-0.05935347762487238,0.0,445.7563929532856,448.6696380582003,446.23054063201516,448.0750932704194
1.9800000000000013,0.82890004213201,0.242131516257176,13.621432259019029,0.06555250242881794,6.119530409752247,0.0,1.4818473870130342,0.49634924261977764,3.5057387423026007,0.09465840077069834,-0.06078413494178873,0.0,463.3899001829279,463.2750540826537,460.88215950508214,463.48128893013245
2.0400000000000014,0.9208881096580257,0.2731580850493027,13.83283692402839,0.07123552395010257,6.116087288702332,0.0,1.5846880399935739,0.5383764437388912,3.5408090761764046,0.09483392974116094,-0.051334565339411165,0.0,432.0904575431166,432.8840096043545,432.59102863577607,432.6136972728577
2.1000000000000014,1.0196741599779133,0.3070551240015684,14.049694349245105,0.07671600414939128,6.113091607860671,0.0,1.7083810459962978,0.5920860138626945,3.6871049565041973,0.08324187624386316,-0.04725458005419278,0.0,468.0189864581211,468.335017140363,468.6850710462256,467.78970761593445
2.1600000000000015,1.1255660198622988,0.3441233294604329,14.2731491943763,0.08156199959829191,6.1107054567523456,0.0,1.8215046546005145,0.6439709618631957,3.760971811102005,0.07529276337922959,-0.02791780452300091,0.0,446.3694346781452,447.94389235450484,447.3598760360952,446.7172966454389
2.2200000000000015,1.2379704741758515,0.38425142789695865,14.499247871295836,0.08587243881535667,6.108765579876634,0.0,1.9254040912263453,0.6940100755301817,3.7754589744303346,0.06384933599686354,-0.04306923026182156,0.0,428.95974696300664,427.6705700087326,429.5418780082432,428.57439172120127
2.2800000000000016,1.3571915970524044,0.42772715335740863,14.72932284233774,0.08921259386564717,6.106019997276466,0.0,2.0487754103003786,0.7555114745257326,3.893109604994398,0.029465544156478687,-0.05176965921861212,0.0,461.66737945217193,460.97916777533135,464.2625692854466,461.5584401273117
2.3400000000000016,1.4840904247756004,0.47506532803863033,14.967685409092304,0.09128179663943037,6.102943407571022,0.0,2.1813554781215556,0.822566315746725,4.051537042857889,0.043000562231775494,-0.05030831342142943,0.0,475.3483915673732,475.4588772009452,475.57267870645524,476.6087520653479
2.4000000000000017,1.6189541557535516,0.5264497692275403,15.215270526200428,0.09329132390965089,6.0997020056599816,0.0,2.314265298614317,0.8904414663494176,4.2005235549876145,-0.0036761519454753117,-0.06273766417750437,0.0,475.6537011099961,474.6990124085619,475.6120913226237,472.0235998651286
2.4600000000000017,1.7610499989395718,0.5815326365863245,15.467467169524637,0.09292939909767384,6.096208641022596,0.0,2.4225033982479163,0.9455998523679262,4.20584585053895,-0.011218131268960931,-0.05045386766300152,0.0,430.22645603192905,431.2628600238205,431.11929582307937,430.48159307054914
2.520000000000002,1.9103069639174257,0.6402155152490434,15.72321700193488,0.09209354122751989,6.093404625309876,0.0,2.5528621621465692,1.0103470016451577,4.318529284366621,-0.01999898800040685,-0.040175616460721014,0.0,464.41552600667507,465.219871048555,466.36962695327054,465.68331803889436
2.580000000000002,2.0669227865923885,0.7025184325798761,15.983097495342456,0.0909838541373178,6.091081541192349,0.0,2.6677731192946954,1.0662739520939597,4.343910478855802,-0.01564459505888077,-0.035952320350741876,0.0,438.6196154111353,438.9694982824978,439.2085447283423,439.56963661602134
2.640000000000002,2.2302833293371767,0.7680705799352655,16.24358435389581,0.08985005859555173,6.08891260715437,0.0,2.777677331069267,1.118682143909955,4.338872722706094,-0.026356165567569916,-0.03654489620915656,0.0,429.100194168636,429.04924215233547,430.5713016978646,429.66402999728115
2.700000000000002,2.4001960989127107,0.8367116989909573,16.503434067163212,0.0880072915765755,6.086823250842407,0.0,2.886179827282352,1.1691874522981363,4.322726683264782,-0.041280202294958115,-0.03158385064537592,0.0,426.3022237308948,426.725411910198,426.36605938152513,425.08850938352094
2.760000000000002,2.576371092608348,0.908227060139916,16.76097584332852,0.08531661398963664,6.084711367827914,0.0,2.986425871627753,1.214447928144034,4.262145066381825,-0.05314387510364272,-0.04363483304224625,0.0,412.61398403688366,411.54786698906395,410.49174166491235,409.43605926093676
2.820000000000002,2.7594337265475293,0.9827676148254801,17.0191025890731,0.08161586060385595,6.082478545757905,0.0,3.115725634966193,1.2698442688258718,4.341619282994945,-0.09014994855683593,-0.026749991774692134,0.0,456.595702543596,457.94027336401064,458.1310838844359,455.1756302480598
2.880000000000002,2.950003607196072,1.0604352287448864,17.280653977763798,0.07583973645739306,6.08084036023571,0.0,3.236611532301025,1.318515533699408,4.376533607323318,-0.11275152093478223,-0.028432721140940826,0.0,444.039844630061,443.9015820521342,444.37605602308014,442.51094581302004
2.940000000000002,3.148985843072459,1.1413210329603007,17.549877442321968,0.0692100824048385,6.079854382933414,0.0,3.3959640366814203,1.3767660325273718,4.596549428016532,-0.10632736356761435,0.0005603401854923831,0.0,499.24570719218707,501.35694908712463,500.2021504679916,500.660495660483
3.000000000000002,3.3570684072252726,1.225385331235457,17.830097920002387,0.06264263788876967,6.0796111842100995,0.0,3.539865198047706,1.4245925415174463,4.743429709596099,-0.11658899193323449,-0.015405441563229613,0.0,482.120151396665,480.9122448546868,480.8872466970803,480.09954317459756
3.0600000000000023,3.572435022081065,1.3117690954468404,18.11268048181323,0.05610745582784826,6.078658654573227,0.0,3.639035839208334,1.4543298758627452,4.6762561932612075,-0.096842290061967,-0.016832520839323944,0.0,414.27731763187427,414.1518686392766,412.8699472819258,414.5971562507485
3.1200000000000023,3.795539747134481,1.4003077401758381,18.399876207731403,0.050120613980585205,6.078410973653559,0.0,3.797504828844202,1.4961630016443006,4.895840899191018,-0.10641632503591678,0.013576082658582577,0.0,503.57345626866345,505.7686621912229,501.81402490201316,501.1110788253778
3.1800000000000024,4.0267027023439805,1.4908668303776849,18.69340115610806,0.04343192706099952,6.079419576578836,0.0,3.9077169710855277,1.5218835555024164,4.888363841356333,-0.12423752419433963,0.022599183700445443,0.0,435.9357375383991,436.6891239215597,436.31335606934965,434.81114123366933
3.2400000000000024,4.265186265543051,1.5829967773918516,18.990136559501913,0.03604503812781257,6.080501870023394,0.0,4.041347625308086,1.5482876955357927,5.002282821057988,-0.12096104263911511,0.006849888912067502,0.0,474.01976402275807,472.8076623385394,474.5729193322895,474.81170695333657
3.3000000000000025,4.511942534433626,1.6766005231155765,19.295183634434828,0.028644235841600363,6.080817862439623,0.0,4.183508782426128,1.5709622730172403,5.165124581495113,-0.1285991026066733,0.0018950765480014637,0.0,489.8504928851803,489.4817476666302,490.0197947779277,489.43928623716783
3.3600000000000025,4.766669872638994,1.7713199034466551,19.607447657134003,0.020896014796788265,6.0806164486366985,0.0,4.3071779941846255,1.5855441817501716,5.243254294951004,-0.13023397193735906,-0.016762391339144245,0.0,466.1490942689657,464.68862226106035,466.615984754177,466.4739207182824
3.4200000000000026,5.028724262372931,1.866745820632366,19.924040420069094,0.013377590961195729,6.07937969595935,0.0,4.4278626421517195,1.5945404770794185,5.30942986845159,-0.11693597226438184,-0.029708821788296324,0.0,463.7037367258035,462.6854136534242,462.7076074430815,463.73981884075715
3.4800000000000026,5.297479154816756,1.9625290622183096,20.241989029485612,0.00638269920635004,6.07813702755459,0.0,4.530636421081419,1.597619616015794,5.288890308504785,-0.1158825551765923,-0.007010712771049917,0.0,435.99269286191895,437.8853368776276,435.985449495251,436.0610173018563
3.5400000000000027,5.57247672699289,2.0583753671835128,20.559121583018115,6.282824913317844,6.078252088172409,0.0,4.6358127772769455,1.5966448701046096,5.282196944761247,-0.10617993861909893,0.015538242311379166,0.0,440.1333986692732,441.99607397707496,440.31277658437773,441.1035229478367
3.6000000000000028,5.853532374889072,2.154044406790351,20.87481308011597,6.276332395528543,6.079055943291973,0.0,4.732522859939613,1.5917822061297915,5.241069153640335,-0.11260643689930597,0.008730134585367703,0.0,429.2255936072501,428.6471871342849,430.3450665806262,429.78985886323863
3.660000000000003,6.140174445762946,2.249317615986107,21.187207122298087,6.270233582441454,6.0790754091049095,0.0,4.8220984343296225,1.5834816031506322,5.172408747149319,-0.08575225544070347,-0.02731472090085399,0.0,421.0621098747745,417.9314563809613,418.8251350195003,421.1447374445307
3.720000000000003,6.432389675837253,2.3439840083843158,21.496554019331008,6.2647670397412725,6.077399726885545,0.0,4.918426883850203,1.57161939886255,5.139227589867563,-0.10485397332161271,-0.029183579672122026,0.0,431.2395649456185,431.0814114303251,431.70372483730125,430.0810816910147
3.780000000000003,6.7303426031927875,2.437845878067923,21.80370396571079,6.2583573984209036,6.075445850714468,0.0,5.013374365257146,1.556579866585243,5.099209603663784,-0.11109513697010194,-0.04036747941305206,0.0,428.48958793423225,427.5370814982754,429.42868622368053,428.8883419463083
3.840000000000003,7.034002727069606,2.5306962062302576,22.108467402757185,6.251751639403583,6.072850042356285,0.0,5.108719566905702,1.5378791842859163,5.059647033561146,-0.1081706822258419,-0.04979411316049079,0.0,429.07007735375663,428.2677203894262,428.28243711823507,428.5199438412671
3.900000000000003,7.343461363779218,2.62230515874202,22.411137107001963,6.245101976730059,6.06929566189293,0.0,5.206698665193936,1.5152024322300617,5.029339788530021,-0.1167500090414279,-0.09560310767271266,0.0,433.2890878421567,429.4163552677619,431.98476902918594,431.2492301721644
3.960000000000003,7.659296660183901,2.712357582285433,22.714057923504413,6.237812354474297,6.0634033063453945,0.0,5.32148788131252,1.485896109965301,5.0675333053444325,-0.1332347086494622,-0.1039938997065179,0.0,454.0885870124156,453.4067453477263,454.6357929594802,453.2995880186713
4.020000000000002,7.982609036065276,2.800406400593665,23.021471112851486,6.229436473679712,6.056844816739368,0.0,5.455960851059173,1.448257288460702,5.178634632633132,-0.15702120984784015,-0.12290613572821199,0.0,478.41349914451325,476.9612001256972,478.11738458787204,476.2842411985596
4.080000000000001,8.31341538492146,2.8861812698205753,23.33252568575421,6.220043639192193,6.049346020883689,0.0,5.571403363464645,1.4100839669618237,5.189409667692477,-0.15561695622666227,-0.12948356633879193,0.0,448.48707861325846,447.93832210317515,448.10416196930385,448.19534819003445
4.14,8.651529446217804,2.9694247326184855,23.645307847919767,6.210612494019031,6.042001226902027,0.0,5.699539820412314,1.3638522905738222,5.235979226853869,-0.16051935703050219,-0.11110089014222103,0.0,460.0381410069023,461.4785208174774,460.5500548447749,460.13955828064445
4.199999999999998,8.996810482045133,3.049905121023135,23.958293063747522,6.201334103652897,6.034884119009973,0.0,5.810248533783767,1.3180676322216531,5.196687383672905,-0.1449216530726822,-0.14116684178762265,0.0,436.2799451796924,433.7480448502721,432.66173649605673,433.9497957648544
4.259999999999997,9.34834752502252,3.1276488849785684,24.266996472389998,6.1931536219784,6.026380783805795,0.0,5.908214634451372,1.2727806902159033,5.093536038864535,-0.12314805368644496,-0.1428555178360758,0.0,413.49800482273855,413.32881881804235,411.1049845918038,413.0110914051362
4.319999999999996,9.705959010384998,3.2025301095683676,24.569844274744298,6.185942698217666,6.017950081885401,0.0,6.012715009142624,1.222732191777483,5.001407029094349,-0.11483185973803729,-0.13619852549088418,0.0,415.59516533983066,416.1585193133673,416.5567105158988,417.26938084438524
4.379999999999995,10.069688813731762,3.274397642796836,24.86622246275577,6.178813912799544,6.009783385138185,0.0,6.112128805251783,1.1723651150435759,4.87805631633946,-0.12827215509745302,-0.1359385446339455,0.0,404.8812418984233,404.8855320271735,406.2259574736446,405.0042986221406
4.439999999999993,10.440546624538154,3.3427438667933065,25.1589714172458,6.17086886405078,6.001765099024421,0.0,6.250255604510883,1.1052321224016768,4.879672986144267,-0.14234925911111082,-0.12939844852341273,0.0,446.81961873297354,447.33623708164845,449.1585126126441,447.9990301676498
4.499999999999992,10.820485936656326,3.406659412630864,25.45411174302167,6.163135309282211,5.993942822508618,0.0,6.4147663109424755,1.0246221737090904,4.957291737048648,-0.11047076179573959,-0.1323893516409041,0.0,473.11471306859045,472.86986513409255,472.4729715021293,474.9100770807335
4.559999999999991,11.20949279181501,3.465973466971072,25.750779711710624,6.156347479543779,5.986047855968632,0.0,6.552548275394115,0.9520289500077866,4.931185433984651,-0.11905942097504917,-0.1300181850926996,0.0,441.9784218718457,442.15784900881926,442.5941048884213,441.8749882235854
4.6199999999999894,11.605369559991244,3.5214458584836636,26.041019211531452,6.149081719861133,5.978062866119391,0.0,6.643837521405786,0.8965766291529691,4.743974745775526,-0.12551180346926497,-0.14004326233553754,0.0,385.96904984638223,385.0020734780904,385.94196743765434,385.31656200160865
4.679999999999988,12.008048833379792,3.572971491030744,26.323954244517314,6.14133979110696,5.970125010242551,0.0,6.779227888324024,0.8204064068838539,4.686865261326041,-0.13720372456664834,-0.1201264955727957,0.0,431.64997579868185,433.31096535846353,431.497951792313,430.4936245291685
4.739999999999987,12.418670838314169,3.619927560720229,26.602611559544883,6.133084489299314,5.96286495012504,0.0,6.908526081004206,0.744217375845741,4.60157306637312,-0.13836805624321846,-0.12280817530160987,0.0,422.3609416314152,422.1154667797653,423.06622920899827,422.94735568144426
4.799999999999986,12.836644052201944,3.662412070901791,26.874703002382567,6.124941272854066,5.955598986136019,0.0,7.024297187155833,0.6713772671887704,4.468267427863666,-0.130895620412704,-0.11788692709871298,0.0,406.2804324333873,406.7067939278185,404.42938724113395,405.08301886992115
4.859999999999984,13.26372196316058,3.699445145226198,27.144847292535214,6.116878068819032,5.948377669331837,0.0,7.211816173449775,0.562481562531072,4.535418841694762,-0.1424784549451048,-0.12580994452013167,0.0,473.99547987362456,473.373943092482,474.55149555822476,473.64584338719544
4.919999999999983,13.701919720260246,3.7299056520014373,27.418310631146724,6.107987074398334,5.941000064300187,0.0,7.3949843878514026,0.45224365396708294,4.578971827741351,-0.16312979134724115,-0.11780032487433555,0.0,468.6098746151565,469.21934805141484,469.49956537030727,467.87444423195245
4.979999999999982,14.152268482953193,3.753064844240676,27.69726604635261,6.098217728483453,5.934038352849154,0.0,7.616674004109739,0.31898142513616906,4.717823065277427,-0.16221550277583505,-0.11270448994913881,0.0,500.63954566595294,500.9998673814656,500.82592029792335,500.8704524273803
5.0399999999999805,14.614999616206589,3.7685473658291393,27.981728503824126,6.088540795955765,5.927356902267871,0.0,7.807772817842376,0.1964083364520142,4.7631075612714575,-0.15948040458121462,-0.10879335838123945,0.0,473.9788247900638,474.26924341153176,476.2327979390694,476.41917608210406
